         1          1 00          3      72207  4
         1          1 00          9     140374  4
         1          1 00          6      59829  4
         1          1 00          2      88384  4
         1          1 00          3      52308  4
         1          1 00          2      39179  4
         1          1 00          3      63413  4
         1          1 00          3     180621  4
         1          1 00         18      46566  4
         1          1 00          3      97046  4
         1          1 00          4      21860  4
         1          1 00         19      10625  4
         1          1 00          8      23707  4
         1          1 00         11       6088  4
         1          1 00          0        843  0
         1          1 00         21      11184  4
         1          1 00         16       8581  4
         1          1 00         10       5964  4
         1          1 00         10      28834  4
         1          1 00         11      20921  4
         1          1 01         13       7002  0
         1          2 01          5       2991  1
         1          3 00          0       1287  2
         1          1 01          8       4498  1
         1          1 01         38      19497  2
         1          2 01         32      17482  3
         1          3 00         24      56835  4
         1          1 00         34     246808  2
         1          1 00         23      62525  2
         1          1 00         22     145937  2
         1          1 00         18      71397  2
         1          1 00         22     175971  2
         1          1 00         26     154828  2
         1          1 00         19     153686  2
         1          1 00         19      27226  2
         1          1 00         30      42167  2
         1          1 00         18      28643  2
         1          1 01         64      32530  2
         1          1 01         32      17009  3
         1          1 01         11       6500  4
         1          1 00          9     191450  4
         1          1 00          7      71410  1
         1          1 01         64      32499  2
         1          1 00         14      11384  4
         1          1 01         32      16994  3
         1          1 00         19     486556  3
         1          1 01       2000    1003048  4
         1          1 00         15       8494  5
         1          1 00          1       1742  5
         1          1 00          0      29110  5
         1          1 00          4      45868  5
         1          1 00          1      38342  5
         1          1 00          0       2040  5
         1          1 01          5       2985  5
         1          1 00          1      30449  5
         1          1 01          5       7420  5
         1          1 00          0        994  5
         1          1 00          2      21292  5
         1          1 00          2      36830  5
         1          1 00          0        962  5
         1          1 00          1      22216  5
         1          1 00          1      63808  5
         1          1 00          1      48167  5
         1          1 00          1      70713  5
         1          1 00          1      29321  5
         1          1 00          1      96556  5
         1          1 00          1      32142  5
         1          1 00          1      44044  5
         1          1 00          1      47037  5
         1          1 00          1      42023  5
         1          1 00          3       3691  1
         1          1 00          1      29355  5
         1          1 00          5      23061  5
         1          1 00         38      20513  5
         1          1 00         22      11748  5
         1          1 00          2      16045  6
         1          1 00          1       2955  6
         1          1 00          1     769673  6
         1          1 00          8      91873  5
         1          1 00          5      10399  7
         1          1 01          9       5299  6
         1          1 00          7       5949  5
         1          1 00          1      97074  6
         1          1 00          1      29917  6
         1          1 00          1      15560  6
         1          1 00          2      16123  6
         1          1 01          9       4996  6
         1          1 00          2      51742  6
         1          1 00          2      76721  6
         1          1 00         10      24187  6
         1          1 00          7     127216  6
         1          1 00          1       1499  6
         1          1 00          7      71573  6
         1          1 00          6      54496  6
         1          1 00          4      59623  6
         1          1 00          1       1784  4
         1          1 00          5      40844  6
         1          1 00          7     141609  6
         1          1 00          8      29826  6
         1          1 00          2       1698  6
         1          1 01         13       8187  6
         1          1 00         21      20103  6
         1          1 01          6       5381  7
         1          1 00          3       5562  7
         1          1 01          6       7344  7
         1          1 00          2      27172  7
         1          1 00          3       3115  7
         1          1 01         30      15997  3
         1          1 01         46      23489  2
         1          1 00         41     181683  2
         1          1 00         42     168207  2
         1          1 00         43     405077  2
         1          1 01         47      24005  2
         1          1 00         42     216335  2
         1          1 00         42      93400  2
         1          1 00         42      73215  2
         1          1 00         42      21748  2
         1          1 00          2       1559  0
         1          1 01         56      28501  2
         1          1 01         30      15997  3
         1          2 00         48      25281  4
         1          1 00         17      10390  6
         1          1 00         16     655500  5
         1          1 00         85     118560  0
         1          1 00          3     127026  0
         1          1 00          2      11387  0
         1          1 00          2      62728  0
         1          1 00          2      73162  0
         1          1 00          2       2038  0
         1          1 00          2      39638  0
         1          1 00          5       3384  0
         1          1 01          8       4495  1
         1          2 01         56      28483  2
         1          3 01         30      15979  3
         1          4 00         30      16351  4
         1          1 00          2       3660  7
         1          1 00          9       6579  6
         1          1 01         13       6992  0
         1          2 01          8       4459  1
         1          3 01         56      28495  2
         1          4 01         30      15996  3
         1          5 00        389     198088  4
         1          1 01         13      10684  0
         1          2 01          8       4490  1
         1          1 00          4      76185  0
         1          1 01         13       6999  0
         1          1 00         31      16407  8
         1          1 00          8      12624  8
         1          1 00          3       3547  8
         1          1 00          2     167456  8
         1          1 00          2     422261  8
         1          1 00          4       3027  2
         1          1 00          4       4034  2
         1          1 00          0    1668794  2
         1          1 00          1       2312  3
         1          1 00          1       2281  4
         1          1 00          0       1141  2
         1          1 00          1       1827  6
         1          1 00          5       8922  8
         1          1 00          3     479643  8
         1          1 00          2       1760  6
         1          1 00          1       1529  5
         1          1 00          6      72498  4
         1          1 00          0      12150  8
         1          1 00          3      18188  8
         1          1 00          3      16201  8
         1          1 00          2    1242058  8
         1          1 00          1       2496  6
         1          1 00          1       2188  7
         1          1 00          5      90205  5
         1          1 00          7     191734  5
         1          1 01         13       7004  0
         1          1 01         13       7008  0
         1          2 01          8       4488  1
         1          3 01         56      28493  2
         1          4 01         30      15500  3
         1          1 00          7      48685  9
         1          1 01          1       1000  9
         1          1 01          1        998  9
         1          1 01          1       1000  9
         1          1 01          1        998  9
         1          1 01         10       5502  9
         1          1 00          6      20746  9
         1          1 00          6      29972  9
         1          1 00          7     102031  9
         1          1 00          1      42221  9
         1          1 00          1       1767  0
         1          1 01         10       5506  10
         1          1 00          1       6065  10
         1          1 00          5      64854  10
         1          1 00          8     235530  10
         1          1 00          9       8676  10
         1          1 00          7      34984  10
         1          1 01         10       7484  10
         1          1 00          8      12371  10
         1          1 00          7      64170  10
         1          1 00          5     106346  10
         1          1 00          5      59431  10
         1          1 00          5     254818  10
         1          1 00          8      34907  10
         1          1 00          6     141168  10
         1          1 00          3       2312  10
         1          1 00          9      58480  10
         1          1 01         10       6138  10
         1          1 00          7      17655  10
         1          1 00          6     123360  10
         1          1 00          6      85358  10
         1          1 00         10      21074  10
         1          1 00          7      97790  10
         1          1 00          1       3135  10
         1          1 00          6      16803  10
         1          1 00          6     142908  10
         1          1 01         10      11434  9
         1          1 00          5      63276  9
         1          1 00         13      15374  10
         1          1 01         12      13001  10
         1          1 01         13      14001  0
         1          2 01          8       8996  1
         1          3 00          9      14326  2
         1          1 00          1       2659  4
         1          1 00         18      19625  3
         1          1 00          2       6950  10
         1          1 00          0       3720  0
         1          1 01          5       6512  10
         1          1 00          0        904  10
         1          1 01          9      21364  10
         1          1 01          5       3986  10
         1          1 00          2       2431  10
         1          1 00          4       2701  10
         1          1 00          4       3868  10
         1          1 00          1      80377  10
         1          1 00          6      57806  10
         1          1 00          2     112741  10
         1          1 00          4      54355  10
         1          1 00          1       4544  10
         1          1 00          2       2914  10
         1          1 00          1      47124  10
         1          1 00          1      10636  10
         1          1 00          4     187204  10
         1          1 00          2      12154  10
         1          1 00          1      39360  10
         1          1 00          7       7894  0
         1          1 00          1       5357  10
         1          1 00          5      22060  10
         1          1 00          2      15850  10
         1          1 00          6       9406  10
         1          1 00          2       5823  10
         1          1 00          4      66591  10
         1          1 00          2       1670  10
         1          1 00          5      27787  10
         1          1 00          4       5638  10
         1          1 00          3       2265  10
         1          1 00          5      46691  10
         1          1 01          5       3000  10
         1          1 00          5     109702  10
         1          1 00          4      23792  10
         1          1 00          5      86373  10
         1          1 00          2       1842  10
         1          1 00          4     139516  10
         1          1 01         36      18636  10
         1          1 00          3       2234  10
         1          1 00         20      22684  10
         1          1 00          3       2339  10
         1          1 00         24      39504  10
         1          1 00          3       2135  10
         1          1 00          0        883  10
         1          1 00         39      20324  10
         1          1 00         11      39423  9
         1          1 00          1       2817  9
         1          1 00          2       2073  10
         1          1 00          4      19656  10
         1          1 00          0        880  10
         1          1 00          2      53999  9
         1          1 00         56      28680  9
         1          1 00          3      99983  9
         1          1 00          8      68827  9
         1          1 00          6      36680  9
         1          1 00          7      19462  9
         1          1 00          6     121297  9
         1          1 00          6     279161  9
         1          1 00         59      80532  9
         1          1 00         88      45012  9
         1          1 00         73     108802  9
         1          1 00          3       2616  0
         1          1 00          2       1656  0
         1          1 00         52      79422  9
         1          1 00          1       1340  9
         1          1 00         55      65201  9
         1          1 00         45      34985  9
         1          1 00          4      24133  9
         1          1 00         31       2041  0
         1          1 00         47      40031  9
         1          1 00         45      80844  9
         1          1 01         54       4751  9
         1          1 00          7      14857  0
         1          1 00          2      13890  0
         1          1 00          1       1249  0
         1          1 00          4      18174  0
         1          1 00          4       5259  0
         1          1 01         54      27507  9
         1          1 01          5       6357  10
         1          1 00          8      34064  0
         1          1 01         13       7005  0
         1          1 00          3      26562  1
         1          1 01          8       4506  1
         1          1 01         56      28485  2
         1          1 01         30      15499  3
         1          1 00        152      78472  4
         1          1 00         56      28514  4
         1          1 01         29      14996  4
         1          1 00         25      13140  5
         1          1 00         22      32457  6
         1          1 01          5       2996  8
         1          2 01          6       3497  7
         1          1 01          5       9296  8
         1          2 01          6       5297  7
         1          1 00          2       1814  7
         1          1 00          7       5280  6
         1          1 00          2       1892  7
         1          1 01         54      27511  9
         1          1 01          5       4092  10
         1          1 00          5       3413  10
         1          1 00          3      20980  8
         1          1 00          2      68823  7
         1          1 00          2       2737  8
         1          1 00          2       2627  7
         1          1 00          1       7166  7
         1          1 00          3      66576  7
         1          1 00          4       2665  7
         1          1 00          2      34514  7
         1          1 00          2      13361  7
         1          1 01          5       3003  7
         1          1 00          2      84625  7
         1          1 00          3     141940  7
         1          1 00          2      98576  7
         1          1 00          2       5652  7
         1          1 00          4       2730  7
         1          1 00          2     241126  7
         1          1 00          2     134907  7
         1          1 00          2     106062  7
         1          1 00          2      59365  7
         1          1 00          2      31673  7
         1          1 00          2       1926  0
         1          1 00          2      27331  7
         1          1 00          2      13601  7
         1          1 00          2       5892  7
         1          1 00          1     101578  7
         1          1 00          3       2316  7
         1          1 00          1      58869  7
         1          1 00          1     102273  7
         1          1 00          2     190397  7
         1          1 01         11       6000  4
         1          1 00         11       6420  4
         1          1 00         18      14387  7
         1          1 00          3       2046  8
         1          1 00          2      11270  7
         1          1 00         47      24922  7
         1          1 00         14       8421  7
         1          1 01          8       4497  7
         1          1 01         17       8995  0
         1          2 01         39      19994  1
         1          3 00         28      14871  2
         1          1 01         13       6999  0
         1          2 01          8       4503  1
         1          3 01         56      14056  2
         1          4 01         30        753  3
         1          5 01         29        461  4
         1          6 00       1709      10975  5
         1          1 00         11      11225  6
         1          1 01          5         28  7
         1          1 01          8         28  7
         1          1 01          8         28  7
         1          1 01          8         26  7
         1          1 01          8         29  7
         1          1 00          7       4428  7
         1          1 01         54       2897  8
         1          1 01         54      18944  8
         1          1 01         13       7002  0
         1          2 01          8       4448  1
         1          3 01         56      28483  2
         1          4 01         30      15495  3
         1          5 01         29      14969  4
         1          6 00         32      18789  5
         1          1 00         15       9647  6
         1          1 01          5       2997  7
         1          1 01          5       2996  7
         1          1 00          3       6510  7
         1          1 01          5       2996  7
         1          1 00          6       3536  7
         1          1 00          5       3458  7
         1          1 00          5       3151  7
         1          1 00          2       1624  0
         1          1 01          5       2993  7
         1          1 01         13       6995  0
         1          1 01          8       4494  1
         1          2 01         56      28493  2
         1          3 01         30      15507  3
         1          4 01         29      14977  4
         1          5 00         29      15263  5
         1          1 01         17       8994  0
         1          2 01         39      19994  1
         1          3 00         33      46204  2
         1          1 00         33      20654  0
         1          1 00         10       5747  0
         1          1 00         23      13389  0
         1          1 00         16      15894  0
         1          1 00         13       7260  0
         1          1 00         17      10696  0
         1          1 00          3       2633  0
         1          1 01          7       4002  1
         1          1 00          0        569  1
