         1          1 00       4190      87745  0
         1          1 00        597      12158  0
         1          1 00        291       5846  0
         1          1 00       4434      90384  2
         1          1 01         87       1769  0
         1          2 01        160       3216  1
         1          3 01       2215      44400  2
         1          4 01        450       9014  3
         1          5 01        373       7478  4
         1          6 01        315       6317  5
         1          7 01        135       2717  6
         1          8 01       1576      31538  7
         1          9 01        208       4177  8
         1         10 00       2365      47445  9
