         1          1 00       1189      24029  0
         1          1 00        673      13524  0
         1          1 00       1387      30511  0
         1          1 01       2000      43859  0
         1          1 00        245       4917  0
         1          1 00        244       4902  0
         1          1 00        216       4353  0
         1          1 00        949      19010  0
         1          1 00        233       4679  0
         1          1 00        146       2975  0
         1          1 00        356      43130  0
         1          1 00        438      49127  0
         1          1 00        441      48663  0
         1          1 00        890     150006  0
         1          1 00        210      36823  0
         1          1 00        600       7126  0
         1          1 00         96      10719  0
         1          1 00         68       9864  0
         1          1 00         47       5272  0
         1          1 00         82       9173  0
         1          1 00         84      11623  0
         1          1 00         87       9668  0
         1          1 00         65       7290  0
         1          1 00         44       4966  0
         1          1 00         61       6888  0
         1          1 00        113      12498  0
         1          1 00        309      35714  0
         1          1 00        196      21575  0
         1          1 00         55       6149  0
         1          1 00         53     209078  0
         1          1 00         47     181173  0
         1          1 00         58      40552  0
         1          1 00         48      85464  0
         1          1 00         44      53152  0
         1          1 00        101      11218  0
         1          1 01         13       1532  0
         1          2 01         20       2366  1
         1          3 00        279      33249  2
         1          1 01         13       1533  0
         1          2 01         20       2291  1
         1          3 00         86      10232  2
         1          1 01         13       1533  0
         1          2 01         20       2294  1
         1          3 00         71       8859  2
         1          1 01         13       1524  0
         1          2 01         20       2300  1
         1          3 00         81       9950  2
         1          1 01         13       1531  0
         1          2 01         20       2293  1
         1          3 00         31       4500  2
         1          1 00        143     160344  0
         1          1 00        123      95746  0
         1          1 00         60      36016  0
         1          1 00        144     456465  0
         1          1 00         94     132436  0
         1          1 00         62     253874  0
         1          1 00        218      44404  0
         1          1 00         59       6610  0
         1          1 00         67      20059  0
         1          1 00        190      20936  0
         1          1 00        126      14000  0
         1          1 00        131      68858  0
         1          1 00         44       5001  0
         1          1 00        224      24702  0
         1          1 00         65       7315  0
         1          1 00        148      16293  0
         1          1 00         52       5891  0
         1          1 00         71       7889  0
         1          1 00         83       9180  0
         1          1 00         77       8610  0
         1          1 00         94      10503  0
         1          1 00         80      17499  0
         1          1 01         13       1526  0
         1          2 01         20       2843  1
         1          3 00         73       8107  2
         1          1 01         15       1746  0
         1          2 01         20       2297  1
         1          3 00         40       4596  2
         1          1 01         15       1751  0
         1          2 01         20       3453  1
         1          3 00         37       4190  2
         1          1 01         15       2951  0
         1          2 01         20       2293  1
         1          3 00         19       2266  2
         1          1 01         15       1746  0
         1          2 00         13       1575  1
         1          1 01         15       1750  0
         1          2 01         20       2394  1
         1          3 00        199      21808  2
         1          1 01         15       1749  0
         1          2 01         20       2294  1
         1          3 00         53       5904  2
         1          1 01         15       1753  0
         1          2 01         20       2289  1
         1          3 00         29       3312  2
         1          1 01         15       1999  0
         1          2 01         20       2623  1
         1          3 00         26       3374  2
         1          1 01         15       2502  0
         1          2 01         20       3272  1
         1          3 00         24       3999  2
         1          1 01         15       2508  0
         1          2 01         20       3274  1
         1          3 00         24       3984  2
         1          1 01         15       2502  0
         1          2 01         20       3283  1
         1          3 00         88      14029  2
         1          1 00         53       8439  0
         1          1 00         47       7576  0
         1          1 01         15       2485  0
         1          2 01         20       3282  1
         1          3 00         30       4979  2
         1          1 01         14       2348  0
         1          2 01         20       3279  1
         1          3 00        155      24436  2
         1          1 01         15       2499  0
         1          2 01         20       3275  1
         1          3 00         21       3469  2
         1          1 01         15       3446  0
         1          2 01         20       3149  1
         1          3 00         23       3828  2
         1          1 01         15       2491  0
         1          2 01         20       3289  1
         1          3 00          4        899  2
         1          1 00        248     167325  0
         1          1 00         61       9760  0
         1          1 00         13       2246  0
         1          1 00          9       2374  0
         1          1 00         22       3682  0
         1          1 00         30       4859  0
         1          1 00         13       2319  0
         1          1 00        334      57821  0
         1          1 00        379      59454  0
         1          1 00        171      26939  0
         1          1 01         19       3131  0
         1          2 01         20       3274  1
         1          3 00         25       4134  2
         1          1 01         13       2188  0
         1          2 01         20       3278  1
         1          3 00        256      40266  2
